0.264958951884 0.122790793644 0.00366649262519
0.231727539901 0.0938342940789 0.00423554702761
0.207183817417 0.080803569904 0.00438839522412
0.208610000853 0.070366773095 0.00495536692182
0.173371344843 0.0507957717702 0.00546804432892
0.140066838309 0.0286063625575 0.00660807260306
0.157853911323 0.0247809601427 0.00728628383573
0.152501926858 0.0217975427011 0.00749884004166
0.139160645414 0.0288517226872 0.00656552395359
0.112984257985 0.0337746102925 0.00539726482102
0.101869579579 0.0400774169148 0.00435318563906
0.0810903364535 0.0504812985955 0.0023264161646
0.0718076090409 0.052936659423 0.00151277087519
0.0627107956961 0.0460698613235 0.00152976961425
0.0625089102197 0.0494926629233 0.00116214861373
0.0647976955704 0.051869630655 0.00110811358533
0.0673640792924 0.0499502867077 0.0014843700033
0.0654845848791 0.0527060162084 0.00108118315274
0.0844666423454 0.0693511375445 0.000982689050105
0.0861717374494 0.068826992202 0.00111902499371
0.0837117003324 0.0599197689663 0.00165645672792
0.0715005290345 0.0508770591422 0.00168523258217
0.0693633590272 0.0427731405287 0.0023712367163
0.0470562197984 0.0243875250243 0.00317294324792
0.0382154739332 0.0174536850323 0.00372949570044
0.0283445242207 0.0161021371342 0.00275439970367
0.0281057480859 0.0170420258702 0.00245055763468
0.0270159262553 0.0174348251846 0.00215544186777
0.0323094769952 0.0183119650837 0.00276513495796
0.0359545168013 0.0183353060779 0.0032453984539
0.0366411526888 0.0185350361041 0.00328150910399
0.0366910612085 0.0179199734135 0.00343723350509
0.0380318721544 0.0170353539694 0.00381288829362
0.0349927161975 0.0174206651567 0.00335258870669
0.0308849875183 0.0191679864562 0.00234092005564
0.0282281147346 0.0195887841845 0.00180675258023
0.0263248847598 0.0202894809011 0.00129475190172
0.0255616008514 0.0212305503563 0.000925593370531
0.0259606464516 0.0201447473551 0.00126143572721
0.0274138703675 0.0187089144012 0.00188734396893
0.0298173256323 0.0163980759504 0.00290363152161
0.0282550786451 0.0131521990581 0.00364739737185
0.0251661084985 0.0109760530881 0.00392617784535
0.0198352681706 0.010262704407 0.00318046796638
0.015279131018 0.00819568542433 0.00301746580683
0.00976167649792 0.00725413465418 0.00147365401586
0.00834269998956 0.00771868512464 0.000388518711483
0.00835035450749 0.0075535458323 0.000501014630474
0.00833351047616 0.00733590953804 0.000636654667001
0.00892609601984 0.00804461071899 0.000519415787694
0.00961594336257 0.00752504571403 0.00121982321977
0.0109017373737 0.00723223056902 0.00202355425808
0.0117842612674 0.0070640641959 0.00250430579667
0.0126755661041 0.0065806474528 0.00316516984677
0.0133222416299 0.00666466598819 0.00333096833633
0.0138377350245 0.00672320858105 0.00346021397652
0.0132843240167 0.00689616066177 0.00316551532666
0.0121505584343 0.00686248482255 0.0027812873196
0.0115596625426 0.00707915621557 0.00240385744674
0.012280724242 0.0063793252464 0.00316258485772
0.0110887060483 0.00639564321858 0.00268415069849
0.00987519515322 0.00582990165431 0.00257578386717
0.00881170034371 0.00522300492298 0.00255701516529
0.00769242444861 0.00463895574472 0.00247617756976
0.00532353716239 0.00408057453084 0.00132172253169
0.00448581446771 0.00337049398503 0.00141964955855
0.00442202287579 0.00336995456349 0.00135019424851
0.003958826859 0.00333038120405 0.000862159029509
0.00381587067452 0.00351395193747 0.000411904561716
0.00395804261139 0.00335428032301 0.000825677823312
0.00422985086923 0.00319292428306 0.0013969527096
0.00432385037227 0.00311274823635 0.00162856999506
0.00466541027769 0.00343275158625 0.00152214627486
0.00469374145924 0.00313134112589 0.00199665666957
0.00437315776829 0.00310381791136 0.00169766481973
0.00464507665877 0.00357167586158 0.00130635648881
0.00421860951839 0.00384648694019 0.000461398794319
0.00401828221805 0.003989577869 3.58452179856e-05
0.00365744938273 0.00385051698979 -0.000257150335373
0.00321767894625 0.00402483066913 -0.00111446413709
0.00307163139041 0.00351845852665 -0.000678028891664
0.00257864874183 0.00297833209814 -0.000719245518056
0.00243700761077 0.00227638293268 0.000340783723751
0.00247891154294 0.00190599100079 0.00130657531479
0.00255500733916 0.00144910410219 0.00276191922519
0.00160309439925 0.0010922504106 0.00189528251369
0.0018124771261 0.0010588902093 0.00262448801834
0.00164068666732 0.000867547409814 0.00308240472672
0.00174659633632 0.000927025480815 0.00306539560027
0.00162803996253 0.000965138975199 0.00255632566532
0.00182011920869 0.00109738699028 0.0024772259907
0.00173437381708 0.00113896177543 0.00207219805166
0.00189008458391 0.00114757713953 0.00244433881053
0.00164135947163 0.00121298921459 0.00150076358612
0.00145941565915 0.00117903057523 0.00106269015555
0.00134304864694 0.00114734759923 0.000785822930832
0.00154039304892 0.00097144239497 0.00226507932807
0.00159353128559 0.000921390408796 0.00267261155007
0.00184406945908 0.000816268159388 0.00386342429832
0.00201120921806 0.000808809623126 0.00426379986323
0.00208993725423 0.000946175880336 0.00376718957166
0.00191159156464 0.000830971251198 0.00394018436771
0.00158165323969 0.000726574675337 0.00370448064849
0.00119450500314 0.000655011792108 0.00291694140016
0.000995773828536 0.000574653061287 0.00268156875037
0.000751668431807 0.000320467467057 0.00402188719925
0.00062517229021 0.000397205379508 0.00222977200554
0.000595486770057 0.000428627643571 0.00162930161186
0.000617986101487 0.000415215837605 0.00196254242477
0.000591590233037 0.000391302520212 0.00203773720137
0.000612275454571 0.000360094093718 0.00259347242308
0.000591186467151 0.000370164541025 0.00229907624007
0.000561623764545 0.000393153910108 0.00176449302188
0.000489335763984 0.000414112135155 0.00083262829988
0.000439919203539 0.000397886316132 0.000501702202003
0.0004103028595 0.000408282769082 2.46778143676e-05
0.000397481727552 0.00035426781504 0.000574844546798
0.000424276269498 0.000327370454437 0.00128924682268
0.000445440659741 0.000320632313494 0.00162919657275
0.000561141531888 0.000309855703646 0.00288503588749
0.000620717348801 0.000301717248863 0.00345824084164
0.000605771780221 0.000260523748696 0.00398533779756
0.000561267037162 0.000199864675047 0.00474822368215
0.00050078598942 0.000134644083923 0.00576211169187
0.000377308165944 0.00013848469084 0.00463022067799
0.000258769123746 0.000115954846085 0.00381118607717
0.000268093442831 0.000111725775625 0.00411689718709
0.000255557921573 0.000114776051673 0.00380148406762
0.000249564708425 0.000115440743507 0.00367457428946
0.000252834074794 0.000106210044627 0.00408373295192
0.000242983288203 0.000104719574668 0.00397649051242
0.000232726893085 9.48441416377e-05 0.00420924736413
0.000221064754611 8.55669342671e-05 0.00441891119733
0.000204712411148 8.58727212773e-05 0.00408966862408
0.000190555140979 9.03493216892e-05 0.00356725622434
0.000211536206918 7.52855174724e-05 0.00475036156119
0.000227506619402 7.51289516535e-05 0.00503502173313
0.000233738225132 9.31574377147e-05 0.00430047881923
0.00021758778512 0.000108327376207 0.00335241872356
0.000209615901664 0.000110927647206 0.003078778369
0.000201647020018 0.000117370587647 0.00264174861657
0.0001589505195 0.000114398276332 0.0016298679141
0.000138448805117 9.60276521413e-05 0.00180918602541
0.000139466916867 8.07402934164e-05 0.00266688013418
0.000121876511499 7.04616165805e-05 0.00267315146673
8.55243159443e-05 6.05971132045e-05 0.00170592382548
8.3839822468e-05 5.67268025253e-05 0.00192883765574
7.84230060888e-05 5.62913446965e-05 0.00164285848266
7.66122357465e-05 4.82399150343e-05 0.00227247352446
8.28363734829e-05 4.40797092445e-05 0.00305372364208
8.76140299448e-05 4.46320896223e-05 0.00325014756298
7.86714362957e-05 4.33938272258e-05 0.0028900612715
7.83647369661e-05 4.61535417851e-05 0.0025868647964
7.51866104773e-05 5.47980854931e-05 0.00156853272856
7.32582947676e-05 5.87352053553e-05 0.00110028822622
7.87673584517e-05 5.46034075923e-05 0.00181178766353
9.28077003924e-05 5.39710842974e-05 0.00264592844103
0.00010230145825 4.75097767974e-05 0.00365738133292
0.00010271795084 3.64919231583e-05 0.00475727947879
9.99923359164e-05 3.59165155633e-05 0.00471461716109
9.24123401531e-05 3.61144880069e-05 0.00438024130465
7.61057754451e-05 3.7453471512e-05 0.00340371259662
5.52344450611e-05 3.71652985091e-05 0.00195554076817
4.26420214571e-05 3.51177750475e-05 0.000967626813313
3.66662601815e-05 3.02759204667e-05 0.000954605848346
2.63592582411e-05 2.27103183214e-05 0.0007436257199
2.74581990557e-05 2.00169740598e-05 0.00156739291456
2.95949584347e-05 1.83374980353e-05 0.00234860911134
3.27137038022e-05 1.96201955527e-05 0.00250191719152
3.12569284345e-05 1.61589440696e-05 0.0031841625109
3.27152102674e-05 1.61555874106e-05 0.00338844947158
3.31410012264e-05 1.66980879071e-05 0.00329920020714
3.21681097942e-05 1.80183058489e-05 0.0028194490011
3.76382584237e-05 1.67448917287e-05 0.00384188239123
3.52827902345e-05 1.58616581811e-05 0.00379730990461
3.57747252697e-05 1.38978571015e-05 0.00440421397961
3.45748329781e-05 1.26183333678e-05 0.00465247435389
3.66105981049e-05 1.01899710387e-05 0.00564536447945
3.24521997486e-05 8.83800464102e-06 0.00571907924813
4.02261345786e-05 9.55886383761e-06 0.00615994209433
4.13302268242e-05 1.16330393289e-05 0.00560712917694
3.71400299767e-05 9.84110962926e-06 0.00581061263656
3.2834491327e-05 1.06399529471e-05 0.00510519196978
2.94417201081e-05 9.47932305647e-06 0.00512894707555
2.01352338173e-05 9.52513667246e-06 0.00357719643066
1.30339787828e-05 7.84532522741e-06 0.00248507016942
1.29643718872e-05 8.09189831191e-06 0.00231402500501
1.20294394881e-05 7.01648384251e-06 0.00263203603133
1.21769043073e-05 6.25649046545e-06 0.00321178703914
1.20252904417e-05 4.63366057042e-06 0.00443703199913
1.49541245081e-05 3.91067166325e-06 0.00585400061815
1.59629622333e-05 3.72104216477e-06 0.00621922238024
1.58075723432e-05 3.72107847364e-06 0.0061891084965
1.52567620308e-05 4.16159027185e-06 0.00571375551644
1.54791290337e-05 4.64647387543e-06 0.00538252454208
1.30988237395e-05 5.19963771209e-06 0.0043168580311
1.07285911098e-05 5.46598545119e-06 0.0032496099165
1.0327114423e-05 4.94161456165e-06 0.00352714352762
1.13240467567e-05 5.16703150579e-06 0.0037335431637
1.16644515327e-05 5.11033946409e-06 0.00390711995749
1.22741667409e-05 5.75289006692e-06 0.00361749382804
1.20094019986e-05 5.67719858685e-06 0.0035802263873
9.8634439269e-06 5.57714490947e-06 0.00277599453159
7.4848357111e-06 4.63720879826e-06 0.00234913088353
5.73994907825e-06 3.92680286905e-06 0.00187565194503
3.35849514238e-06 2.78195436294e-06 0.000938922759547
3.15756117198e-06 2.12549824349e-06 0.00195353269256
3.28160451873e-06 2.2099273903e-06 0.00195150851562
3.16499960916e-06 2.17992697767e-06 0.00184300497954
3.22108303305e-06 2.3822559668e-06 0.00149701288156
3.55308099024e-06 2.04362036592e-06 0.00269705408287
3.81727947364e-06 1.9545933832e-06 0.00322717796569
3.96155229551e-06 1.63746117415e-06 0.00415089396366
4.46984409168e-06 1.71159557702e-06 0.00446214581472
4.31577430948e-06 1.77539983874e-06 0.00417058256572
4.39159711793e-06 1.66352796629e-06 0.00450538859841
4.66924327297e-06 1.78984344511e-06 0.00445790551133
4.70409841137e-06 2.09304255246e-06 0.0038414031323
4.57557647624e-06 2.05076328779e-06 0.00381026823006
4.48209399461e-06 1.68889561697e-06 0.00452633783793
4.65586341231e-06 2.01117573183e-06 0.00396680988862
